---
images/header.jpg: 2017-02-04 15:57:38.000000000 -08:00
images/being-cyrus-logo.jpg: 2017-02-03 00:29:09.000000000 -08:00
images/comics/demonetization-effects.jpg: 2017-02-04 15:33:11.000000000 -08:00
images/comics/dreaded-month-of-december.jpg: 2017-02-04 15:33:11.000000000 -08:00
images/comics/going-viral.jpg: 2017-02-04 15:33:10.000000000 -08:00
images/comics/how-lyrics-originate.jpg: 2017-02-04 15:33:10.000000000 -08:00
images/comics/ipl-kkr-woes.jpg: 2017-02-04 15:33:10.000000000 -08:00
images/comics/its-complicated.jpg: 2017-02-04 15:33:10.000000000 -08:00
images/comics/omg-i-am-25.jpg: 2017-02-04 15:33:10.000000000 -08:00
images/comics/priceless.jpg: 2017-02-04 15:33:10.000000000 -08:00
images/header-sm.jpg: 2017-02-04 15:56:54.000000000 -08:00
