---
images/header.jpg: 2017-02-05 01:17:07.000000000 -08:00
images/being-cyrus-logo.jpg: 2017-02-04 16:49:47.000000000 -08:00
images/comics/demonetization-effects.jpg: 2017-02-04 15:33:11.000000000 -08:00
images/comics/dreaded-month-of-december.jpg: 2017-02-05 01:17:05.000000000 -08:00
images/comics/going-viral.jpg: 2017-02-04 15:33:10.000000000 -08:00
images/comics/how-lyrics-originate.jpg: 2017-02-04 15:33:10.000000000 -08:00
images/comics/ipl-kkr-woes.jpg: 2017-02-04 15:33:10.000000000 -08:00
images/comics/its-complicated.jpg: 2017-02-04 15:33:10.000000000 -08:00
images/comics/omg-i-am-25.jpg: 2017-02-04 15:33:10.000000000 -08:00
images/comics/priceless.jpg: 2017-02-04 15:33:10.000000000 -08:00
images/header-sm.jpg: 2017-02-04 16:49:51.000000000 -08:00
images/being-cyrus-logo-small.jpg: 2017-02-04 18:06:15.000000000 -08:00
images/comics/small/demonetization-effects.jpg: 2017-02-05 01:30:46.000000000 -08:00
images/comics/small/dreaded-month-of-december.jpg: 2017-02-05 01:30:46.000000000 -08:00
images/comics/small/going-viral.jpg: 2017-02-05 01:30:46.000000000 -08:00
images/comics/small/how-lyrics-originate.jpg: 2017-02-05 01:30:47.000000000 -08:00
images/comics/small/ipl-kkr-woes.jpg: 2017-02-05 01:30:47.000000000 -08:00
images/comics/small/its-complicated.jpg: 2017-02-05 01:30:47.000000000 -08:00
images/comics/small/omg-i-am-25.jpg: 2017-02-05 01:30:47.000000000 -08:00
images/comics/small/priceless.jpg: 2017-02-05 01:30:47.000000000 -08:00
images/comics/thumbs/demonetization-effects.jpg: 2017-02-05 01:30:44.000000000 -08:00
images/comics/thumbs/dreaded-month-of-december.jpg: 2017-02-05 01:30:44.000000000
  -08:00
images/comics/thumbs/going-viral.jpg: 2017-02-05 01:30:44.000000000 -08:00
images/comics/thumbs/how-lyrics-originate.jpg: 2017-02-05 01:30:44.000000000 -08:00
images/comics/thumbs/ipl-kkr-woes.jpg: 2017-02-05 01:30:44.000000000 -08:00
images/comics/thumbs/its-complicated.jpg: 2017-02-05 01:30:44.000000000 -08:00
images/comics/thumbs/omg-i-am-25.jpg: 2017-02-05 01:30:44.000000000 -08:00
images/comics/thumbs/priceless.jpg: 2017-02-05 01:30:45.000000000 -08:00
images/comics/customary-question.jpg: 2017-02-05 01:30:41.000000000 -08:00
images/comics/whatsapp-cycle.jpg: 2017-02-05 01:17:06.000000000 -08:00
images/comics/whatsapp-trust.jpg: 2017-02-05 01:17:06.000000000 -08:00
images/comics/small/customary-question.jpg: 2017-02-05 01:30:46.000000000 -08:00
images/comics/small/whatsapp-cycle.jpg: 2017-02-05 01:30:47.000000000 -08:00
images/comics/small/whatsapp-trust.jpg: 2017-02-05 01:30:48.000000000 -08:00
images/comics/thumbs/customary-question.jpg: 2017-02-05 01:30:43.000000000 -08:00
images/comics/thumbs/whatsapp-cycle.jpg: 2017-02-05 01:30:45.000000000 -08:00
images/comics/thumbs/whatsapp-trust.jpg: 2017-02-05 01:30:45.000000000 -08:00
images/comics/vday-2017.jpg: 2017-02-11 22:33:47.000000000 -08:00
