---
images/banner-med.jpg: 2014-12-24 15:06:26.401063482 -08:00
images/Artist-Adrian-Ricker.jpg: 2016-12-17 23:45:43.000000000 -08:00
images/Author-Tristan-Tarwater.jpg: 2016-12-17 23:45:43.000000000 -08:00
images/characters/Blighter-Bio.jpg: 2016-12-17 23:45:43.000000000 -08:00
images/characters/Gia-Bio.jpg: 2016-12-17 23:45:43.000000000 -08:00
images/characters/Shamsee-Bio.jpg: 2016-12-17 23:45:43.000000000 -08:00
images/comics/being-cyrus-page-1.jpg: 2017-02-04 14:17:19.000000000 -08:00
images/comics/being-cyrus-page-2.jpg: 2017-02-04 14:17:19.000000000 -08:00
images/comics/being-cyrus-page-3.jpg: 2017-02-04 14:38:35.000000000 -08:00
images/comics/being-cyrus-page-4.jpg: 2017-02-04 14:17:19.000000000 -08:00
images/comics/being-cyrus-page-5.jpg: 2017-02-04 14:17:19.000000000 -08:00
images/comics/being-cyrus-page-6.jpg: 2017-02-04 14:17:19.000000000 -08:00
images/comics/being-cyrus-page-7.jpg: 2017-02-04 14:17:20.000000000 -08:00
images/comics/being-cyrus-page-8.jpg: 2017-02-04 14:38:37.000000000 -08:00
images/comics/small/being-cyrus-page-1.jpg: 2017-02-04 15:22:31.000000000 -08:00
images/comics/small/being-cyrus-page-2.jpg: 2017-02-04 15:22:31.000000000 -08:00
images/comics/small/being-cyrus-page-3.jpg: 2017-02-04 15:22:31.000000000 -08:00
images/comics/small/being-cyrus-page-4.jpg: 2017-02-04 15:22:31.000000000 -08:00
images/comics/small/being-cyrus-page-5.jpg: 2017-02-04 15:22:31.000000000 -08:00
images/comics/small/being-cyrus-page-6.jpg: 2017-02-04 15:22:31.000000000 -08:00
images/comics/small/being-cyrus-page-7.jpg: 2017-02-04 15:22:31.000000000 -08:00
images/comics/small/being-cyrus-page-8.jpg: 2017-02-04 15:22:32.000000000 -08:00
images/comics/thumbs/being-cyrus-page-1.jpg: 2017-02-04 15:22:29.000000000 -08:00
images/comics/thumbs/being-cyrus-page-2.jpg: 2017-02-04 15:22:29.000000000 -08:00
images/comics/thumbs/being-cyrus-page-3.jpg: 2017-02-04 15:22:29.000000000 -08:00
images/comics/thumbs/being-cyrus-page-4.jpg: 2017-02-04 15:22:29.000000000 -08:00
images/comics/thumbs/being-cyrus-page-5.jpg: 2017-02-04 15:22:30.000000000 -08:00
images/comics/thumbs/being-cyrus-page-6.jpg: 2017-02-04 15:22:30.000000000 -08:00
images/comics/thumbs/being-cyrus-page-7.jpg: 2017-02-04 15:22:30.000000000 -08:00
images/comics/thumbs/being-cyrus-page-8.jpg: 2017-02-04 15:22:30.000000000 -08:00
images/header-sm.jpg: 2017-02-04 14:06:29.000000000 -08:00
images/header.jpg: 2017-02-04 14:04:01.000000000 -08:00
images/SHAM-logo.jpg: 2016-12-17 23:45:43.000000000 -08:00
